SAT1
1 00000 00000 00000 00000 00000 00000 00000 00000
2 00000 00000 00000 00000 00000 00000 00000 00000\
SAT2
1 00000 00000 00000 00000 00000 00000 00000 00000
2 00000 00000 00000 00000 00000 00000 00000 00000
SAT3
1 00000 00000 00000 00000 00000 00000 00000 00000
2 00000 00000 00000 00000 00000 00000 00000 00000
SAT4
1 00000 00000 00000 00000 00000 00000 00000 00000
2 00000 00000 00000 00000 00000 00000 00000 00000
SAT5
1 00000 00000 00000 00000 00000 00000 00000 00000
2 00000 00000 00000 00000 00000 00000 00000 00000